ImageNum    Precision Recall
  
  3.00   0.05000000   0.50
 11.00   0.05000000   0.25
 14.00   0.05000000   1.00
 17.00   0.05000000   0.25
 20.00   0.05000000   1.00
 21.00   0.05000000   1.00
 34.00   0.05000000   1.00
 40.00   0.05000000   1.00
 45.00   0.05000000   1.00
 48.00   0.10000000   0.25
 50.00   0.05000000   0.33
 52.00   0.05000000   0.33
 66.00   0.05000000   1.00
 67.00   0.05000000   0.14
 68.00   0.05000000   0.33
 69.00   0.00000000   0.00
 70.00   0.05000000   1.00
 78.00   0.10000000   0.67
 79.00   0.05000000   1.00
 85.00   0.05000000   1.00
 86.00   0.05000000   1.00
 88.00   0.05000000   1.00
 89.00   0.00000000   0.00
 90.00   0.00000000   0.00
 91.00   0.05000000   0.33
 95.00   0.05000000   1.00
113.00   0.05000000   1.00
117.00   0.05000000   0.50
119.00   0.05000000   1.00
120.00   0.05000000   1.00
124.00   0.05000000   0.50
126.00   0.05000000   0.17
140.00   0.05000000   1.00
143.00   0.05000000   1.00
148.00   0.05000000   1.00
166.00   0.05000000   1.00
170.00   0.05000000   0.33
181.00   0.05000000   0.13
190.00   0.05000000   0.50
193.00   0.05000000   0.50
200.00   0.05000000   1.00
